Closing remaining open files:../../../../restricted_images_national.h5...done
inc0-len: 79516 | std: 2.74288238965e+13 | max: 2.96941752143e+15 | min: 1.9597389875e+11 | mean: 1.14809163019e+13
inc1-len: 79516 | std: 2.71054233724e+13 | max: 2.71905187395e+15 | min: 1.09951069496e+11 | mean: 1.1393638372e+13
incdiff-len: 79516 | std: 5.18148747292e+12 | max: 4.24728602268e+14 | min: -3.14332119405e+14 | mean: -87277929937.5
lats-len: 79516 | std: 4.17868998517 | max: 47.9122314453 | min: 25.4183254242 | mean: 38.4895250889
lngs-len: 79516 | std: 5.18431796808 | max: -67.2411880493 | min: -92.3451461792 | mean: -80.414592873
pop0-len: 79516 | std: 782917212.324 | max: 28463873776.3 | min: 11569036.3372 | mean: 364436590.728
pop1-len: 79516 | std: 786650945.054 | max: 29952466580.4 | min: 6596982.41927 | mean: 389817424.108
popdiff-len: 79516 | std: 104338386.964 | max: 2900541471.44 | min: -2857817336.9 | mean: 25380833.3798
